39622.3 118867 198112 277356 356601 435846 515090 594335 673580 752824 832069 911314 990558 1.0698e+06 1.14905e+06 1.22829e+06 1.30754e+06 1.38678e+06 1.46603e+06 1.54527e+06 1.62452e+06 1.70376e+06 1.783e+06 1.86225e+06 1.94149e+06 2.02074e+06 2.09998e+06 2.17923e+06 2.25847e+06 2.33772e+06 2.41696e+06 2.49621e+06 2.57545e+06 2.65545e+06 
1 0 0 0 0 0 0 0 0 0 0 0 0 0 0 0 0 0 0 0 0 0 0 0 0 0 0 0 0 0 0 0 0 0
0.999999 1.379e-06 5e-09 0 0 0 0 0 0 0 0 0 0 0 0 0 0 0 0 0 0 0 0 0 0 0 0 0 0 0 0 0 0 0
0.999648 0.000348079 3.877e-06 1.84e-07 1.8e-08 0 5e-09 0 0 0 0 0 0 0 0 0 0 0 0 0 0 0 0 0 0 0 0 0 0 0 0 0 0 0
0.993147 0.00674898 9.622e-05 6.225e-06 9.61e-07 1.65e-07 2.8e-08 9e-09 0 5e-09 0 0 0 0 0 0 0 0 0 0 0 0 0 0 0 0 0 0 0 0 0 0 0 0
0.98361 0.0153259 0.000988459 6.3971e-05 8.83e-06 2.113e-06 5.69e-07 1.64e-07 6.2e-08 1.9e-08 9e-09 0 0 5e-09 0 0 0 0 0 0 0 0 0 0 0 0 0 0 0 0 0 0 0 0
0.974119 0.0207362 0.00468146 0.000392635 5.4342e-05 1.1353e-05 3.362e-06 1.17e-06 4.84e-07 1.57e-07 6.6e-08 4.3e-08 1e-08 1.3e-08 0 0 0 5e-09 0 0 0 0 0 0 0 0 0 0 0 0 0 0 0 0
0.964652 0.0255196 0.00779699 0.00171784 0.000240888 5.0377e-05 1.4138e-05 4.729e-06 1.833e-06 9.27e-07 3.79e-07 1.93e-07 1.24e-07 1.9e-08 4.3e-08 5e-09 1.4e-08 4e-09 0 0 0 5e-09 0 0 0 0 0 0 0 0 0 0 0 0
0.955209 0.0302979 0.00934999 0.00405005 0.000836126 0.000179113 4.8902e-05 1.6633e-05 6.383e-06 2.814e-06 1.345e-06 7.28e-07 3.32e-07 1.95e-07 1.35e-07 8.1e-08 1.9e-08 3.5e-08 9e-09 9e-09 5e-09 0 4e-09 0 0 5e-09 0 0 0 0 0 0 0 0
0.945783 0.0350623 0.0109257 0.00515844 0.00231491 0.000524299 0.00014692 4.9086e-05 1.8809e-05 8.125e-06 3.968e-06 1.946e-06 1.042e-06 5.78e-07 3.62e-07 1.93e-07 1.29e-07 9.2e-08 5.2e-08 2.9e-08 3e-08 1e-08 1.3e-08 0 5e-09 0 0 4e-09 0 5e-09 0 0 0 0
0.936366 0.0398229 0.0124949 0.00593333 0.00341739 0.00136403 0.000380474 0.000128419 4.9356e-05 2.1129e-05 9.794e-06 5.144e-06 2.864e-06 1.549e-06 8.8e-07 5.12e-07 3.63e-07 2.14e-07 8.4e-08 1.26e-07 7.5e-08 2.9e-08 4.7e-08 3e-08 5e-09 9e-09 9e-09 0 5e-09 0 0 0 4e-09 5e-09
