198475 595425 992374 1.38932e+06 1.78627e+06 2.18322e+06 2.58017e+06 2.97712e+06 3.37407e+06 3.77102e+06 4.16797e+06 4.56492e+06 4.96187e+06 5.35882e+06 5.75577e+06 6.15272e+06 6.54967e+06 6.94662e+06 7.34357e+06 7.74052e+06 8.13747e+06 8.53442e+06 8.93137e+06 9.32832e+06 9.72527e+06 1.01222e+07 1.05192e+07 1.09161e+07 1.13131e+07 1.171e+07 1.2107e+07 1.25039e+07 1.29009e+07 1.32978e+07 1.36948e+07 1.40917e+07 1.44887e+07 1.48856e+07 1.52826e+07 1.56795e+07 1.60765e+07 1.64734e+07 1.68704e+07 1.72673e+07 1.76643e+07 1.80612e+07 1.84582e+07 1.88551e+07 1.92521e+07 1.9649e+07 2.0046e+07 2.04429e+07 2.08399e+07 2.12368e+07 2.16338e+07 2.20307e+07 2.24277e+07 2.28246e+07 2.32216e+07 2.36185e+07 2.40155e+07 2.44124e+07 2.48094e+07 2.52063e+07 2.56033e+07 2.60002e+07 2.63972e+07 2.67941e+07 2.71911e+07 2.7588e+07 2.7988e+07 
1 0 0 0 0 0 0 0 0 0 0 0 0 0 0 0 0 0 0 0 0 0 0 0 0 0 0 0 0 0 0 0 0 0 0 0 0 0 0 0 0 0 0 0 0 0 0 0 0 0 0 0 0 0 0 0 0 0 0 0 0 0 0 0 0 0 0 0 0 0 0
0.999999 8.7e-07 4.8e-08 0 0 0 0 0 0 0 0 0 0 0 0 0 0 0 0 0 0 0 0 0 0 0 0 0 0 0 0 0 0 0 0 0 0 0 0 0 0 0 0 0 0 0 0 0 0 0 0 0 0 0 0 0 0 0 0 0 0 0 0 0 0 0 0 0 0 0 0
0.99997 2.7562e-05 1.761e-06 2.21e-07 4.8e-08 2.5e-08 4.8e-08 0 0 2.3e-08 0 0 0 0 0 0 0 0 0 0 0 0 0 0 0 0 0 0 0 0 0 0 0 0 0 0 0 0 0 0 0 0 0 0 0 0 0 0 0 0 0 0 0 0 0 0 0 0 0 0 0 0 0 0 0 0 0 0 0 0 0
0.999759 0.000226373 1.1949e-05 2.102e-06 6.97e-07 1.96e-07 7.3e-08 0 2.5e-08 4.8e-08 0 0 0 0 0 0 0 2.3e-08 0 0 0 0 0 0 0 0 0 0 0 0 0 0 0 0 0 0 0 0 0 0 0 0 0 0 0 0 0 0 0 0 0 0 0 0 0 0 0 0 0 0 0 0 0 0 0 0 0 0 0 0 0
0.998944 0.000991003 5.1425e-05 9.026e-06 2.32e-06 1.112e-06 3.61e-07 2.45e-07 7.3e-08 4.8e-08 0 2.5e-08 0 4.8e-08 0 0 0 0 0 0 0 0 0 0 0 2.3e-08 0 0 0 0 0 0 0 0 0 0 0 0 0 0 0 0 0 0 0 0 0 0 0 0 0 0 0 0 0 0 0 0 0 0 0 0 0 0 0 0 0 0 0 0 0
0.996693 0.00309899 0.000168343 2.6414e-05 7.889e-06 2.896e-06 1.113e-06 8.7e-07 2.65e-07 1.7e-07 1.23e-07 4.9e-08 4.8e-08 0 0 2.5e-08 2.4e-08 2.4e-08 0 0 0 0 0 0 0 0 0 0 0 0 0 0 0 0 2.3e-08 0 0 0 0 0 0 0 0 0 0 0 0 0 0 0 0 0 0 0 0 0 0 0 0 0 0 0 0 0 0 0 0 0 0 0 0
0.991523 0.00794395 0.000428383 7.2602e-05 1.7913e-05 7.096e-06 3.258e-06 1.447e-06 9.94e-07 6.24e-07 3.16e-07 9.8e-08 1.22e-07 7.3e-08 9.7e-08 0 0 0 0 2.5e-08 2.4e-08 2.4e-08 0 0 0 0 0 0 0 0 0 0 0 0 0 0 0 0 0 0 0 0 0 2.3e-08 0 0 0 0 0 0 0 0 0 0 0 0 0 0 0 0 0 0 0 0 0 0 0 0 0 0 0
0.981209 0.0176228 0.000936893 0.000158792 4.2658e-05 1.4709e-05 6.591e-06 3.3e-06 1.759e-06 1.09e-06 7.73e-07 5.55e-07 2.66e-07 2.21e-07 7.3e-08 4.9e-08 9.8e-08 4.8e-08 2.4e-08 0 0 0 0 2.5e-08 2.4e-08 2.4e-08 0 0 0 0 0 0 0 0 0 0 0 0 0 0 0 0 0 0 0 0 0 0 0 0 0 0 2.3e-08 0 0 0 0 0 0 0 0 0 0 0 0 0 0 0 0 0 0
0.962531 0.035152 0.00185801 0.000313851 8.5952e-05 3.0144e-05 1.2904e-05 6.303e-06 3.617e-06 1.902e-06 1.158e-06 8.7e-07 6.28e-07 4.58e-07 3.14e-07 2.19e-07 9.8e-08 9.9e-08 2.4e-08 9.8e-08 4.8e-08 2.4e-08 0 0 0 0 2.5e-08 0 2.4e-08 2.4e-08 0 0 0 0 0 0 0 0 0 0 0 0 0 0 0 0 0 0 0 0 0 0 0 0 0 0 0 0 0 0 0 2.3e-08 0 0 0 0 0 0 0 0 0
0.930977 0.0647756 0.00340397 0.000578481 0.000156243 5.6663e-05 2.3657e-05 1.1682e-05 6.254e-06 3.788e-06 1.925e-06 1.491e-06 7.76e-07 8.44e-07 5.32e-07 4.08e-07 3.63e-07 1.46e-07 1.71e-07 4.9e-08 7.3e-08 7.4e-08 7.4e-08 4.8e-08 2.4e-08 0 0 0 0 0 2.5e-08 0 2.4e-08 0 2.4e-08 0 0 0 0 0 0 0 0 0 0 0 0 0 0 0 0 0 0 0 0 0 0 0 0 0 0 0 0 0 0 0 0 0 0 0 2.3e-08
