62.7972 188.391 313.986 439.58 565.174 690.769 816.363 941.957 1067.55 1193.15 1318.74 1444.33 1569.93 1695.52 1821.12 1946.71 2072.31 2197.9 2323.49 2449.09 2574.68 2700.28 2825.87 2951.47 3077.06 3202.65 3328.25 3453.84 3579.44 3705.03 3830.63 3956.22 4081.81 4207.41 4327.41 
1 0 0 0 0 0 0 0 0 0 0 0 0 0 0 0 0 0 0 0 0 0 0 0 0 0 0 0 0 0 0 0 0 0 0
0.26741 0.249912 0.223306 0.220885 0.0381773 0.000310533 9.6e-08 0 0 0 0 0 0 0 0 0 0 0 0 0 0 0 0 0 0 0 0 0 0 0 0 0 0 0 0
0.160709 0.156254 0.148001 0.137366 0.126401 0.118889 0.122232 0.027809 0.00228709 5.0857e-05 1.7e-07 0 0 0 0 0 0 0 0 0 0 0 0 0 0 0 0 0 0 0 0 0 0 0 0
0.118739 0.116786 0.113099 0.10816 0.10218 0.0955671 0.0893571 0.0848989 0.0888277 0.0657566 0.0143761 0.00209969 0.000148315 4.707e-06 9.5e-08 0 0 0 0 0 0 0 0 0 0 0 0 0 0 0 0 0 0 0 0
0.0956771 0.0946174 0.0926278 0.0896333 0.0862305 0.0820504 0.0778726 0.073478 0.0695457 0.0667711 0.0674129 0.0718794 0.0236738 0.00704273 0.00132155 0.00015442 1.1047e-05 4.09e-07 0 0 0 0 0 0 0 0 0 0 0 0 0 0 0 0 0
0.0807919 0.0801348 0.0789149 0.0771663 0.0748324 0.0721674 0.0691195 0.0659569 0.0627946 0.0598409 0.057122 0.0552481 0.055634 0.0663872 0.0284175 0.0112515 0.00335897 0.000735096 0.000113861 1.1435e-05 7.67e-07 4.8e-08 0 0 0 0 0 0 0 0 0 0 0 0 0
0.0703471 0.0698973 0.069089 0.0678448 0.0663874 0.0644764 0.0623055 0.0599989 0.0574771 0.0550889 0.0527185 0.0504233 0.0485829 0.0473598 0.0477644 0.0586166 0.0308556 0.0133307 0.00534026 0.001628 0.000388946 6.8786e-05 9.159e-06 7.2e-07 4.8e-08 0 0 0 0 0 0 0 0 0 0
0.0626279 0.0623315 0.0616193 0.0607825 0.0596827 0.0582672 0.0567135 0.0550116 0.0531723 0.0511058 0.0491992 0.0472062 0.0453834 0.0436819 0.0423438 0.0415315 0.0420871 0.0512759 0.0317479 0.0140058 0.00668811 0.00249644 0.000789568 0.000202461 3.9407e-05 6.355e-06 6.79e-07 4.7e-08 0 0 0 0 0 0 0
0.0565273 0.0563037 0.0558816 0.0552394 0.0543546 0.0533059 0.0521263 0.0507194 0.0493281 0.0476967 0.0461569 0.0445052 0.0428818 0.0413146 0.0398569 0.0385827 0.0375803 0.0371357 0.0378408 0.0457466 0.0307538 0.0138967 0.00735292 0.00319812 0.00120195 0.000385057 0.000100531 2.201e-05 4.109e-06 4.38e-07 4.8e-08 0 0 0 0
0.0516699 0.0514768 0.0511744 0.050695 0.0499858 0.0492198 0.0482307 0.0471571 0.0459544 0.0447008 0.0434172 0.0421 0.0407604 0.0392916 0.0379743 0.0367248 0.0355493 0.0345971 0.0339143 0.0336768 0.0345292 0.0426325 0.0276532 0.0133436 0.00749129 0.00369517 0.00154587 0.000586482 0.000186023 5.1791e-05 1.1577e-05 2.37e-06 3.63e-07 0 2.5e-08
