62.7972 188.391 313.986 439.58 565.174 690.769 816.363 941.957 1067.55 1193.15 1318.74 1444.33 1569.93 1695.52 1821.12 1946.71 2072.31 2197.9 2323.49 2449.09 2574.68 2700.28 2825.87 2951.47 3077.06 3202.65 3328.25 3453.84 3579.44 3705.03 3830.63 3956.22 4070.22 
1 0 0 0 0 0 0 0 0 0 0 0 0 0 0 0 0 0 0 0 0 0 0 0 0 0 0 0 0 0 0 0 0
0.290062 0.277812 0.250059 0.162032 0.0198725 0.000163605 2.4e-08 0 0 0 0 0 0 0 0 0 0 0 0 0 0 0 0 0 0 0 0 0 0 0 0 0 0
0.173219 0.169837 0.163696 0.154528 0.14058 0.116447 0.0663542 0.014142 0.00116858 2.779e-05 4.9e-08 0 0 0 0 0 0 0 0 0 0 0 0 0 0 0 0 0 0 0 0 0 0
0.127805 0.12623 0.123264 0.119332 0.114126 0.107377 0.0981989 0.0846514 0.063386 0.0273679 0.00712976 0.00105232 7.6524e-05 2.431e-06 2.4e-08 0 0 0 0 0 0 0 0 0 0 0 0 0 0 0 0 0 0
0.102835 0.101893 0.10036 0.0979178 0.095123 0.0916243 0.0873217 0.081945 0.0751634 0.065836 0.0528028 0.0311822 0.011833 0.00342558 0.000652983 7.8249e-05 5.57e-06 1.23e-07 0 0 0 0 0 0 0 0 0 0 0 0 0 0 0
0.0867478 0.0861474 0.0851848 0.0836974 0.0819324 0.0797057 0.0770516 0.0739474 0.0703115 0.0659231 0.0604331 0.0535147 0.0441534 0.0299909 0.0136967 0.00548689 0.00164899 0.000364607 5.5488e-05 5.523e-06 4.1e-07 2.5e-08 0 0 0 0 0 0 0 0 0 0 0
0.0754477 0.0751431 0.0744231 0.0733997 0.0721893 0.0706037 0.0688261 0.0667179 0.0644658 0.0617071 0.0585209 0.0547779 0.0502627 0.044688 0.037525 0.0272448 0.0139027 0.00657583 0.002554 0.000794657 0.000190504 3.4402e-05 4.764e-06 3.87e-07 0 0 0 0 0 0 0 0 0
0.0670912 0.0668152 0.0663298 0.065594 0.0647387 0.0635302 0.06227 0.0607115 0.0590591 0.0571799 0.055098 0.052703 0.0498738 0.0466264 0.0427151 0.0381155 0.0321927 0.0242048 0.013301 0.00696705 0.00316488 0.00121298 0.000384945 9.8213e-05 1.8874e-05 2.759e-06 5.08e-07 0 0 0 0 0 0
0.0606607 0.0604147 0.0599991 0.059427 0.0586859 0.0579069 0.0568516 0.055812 0.0545143 0.0530813 0.0515429 0.0498662 0.0478676 0.0456931 0.0431792 0.0403789 0.0369165 0.0328846 0.0279445 0.0212999 0.0123084 0.00689448 0.00351111 0.00152814 0.000584195 0.000184434 5.0007e-05 1.0249e-05 1.664e-06 2.91e-07 2.4e-08 0 0
0.0553479 0.0552236 0.0549502 0.0545005 0.0539292 0.0532637 0.0524401 0.0515365 0.050631 0.0495092 0.0483164 0.0469527 0.0455079 0.0439586 0.0421571 0.040216 0.0378454 0.0353211 0.0322499 0.0287584 0.0244265 0.0187225 0.0111565 0.00659099 0.00360288 0.00174179 0.000743632 0.000279707 8.8315e-05 2.4893e-05 5.806e-06 8.69e-07 9.7e-08
